participant,device,trial,multidragdropTime,multiAccuracy1,multiAccuracy2,multiAccuracy3,multiAccuracy4,multiAccuracy,multiPathAccuracy1,multiPathAccuracy2,multiPathAccuracy
1,1,0,1808,7.28,7.07,10.00,10.63,18.09,.9881,.9918,.9899
10,1,0,2499,13.00,16.49,2.83,13.15,11.37,.9413,.9064,.9238
100,1,0,862,4.12,3.61,12.81,1.41,13.55,1.0000,.9993,.9977
101,1,0,1184,7.81,2.24,22.36,6.32,13.67,.9699,1.0000,.9849
102,1,0,398,12.53,1.41,10.30,1.41,8.52,.9993,.9962,.9953
103,1,0,847,8.06,6.40,3.16,4.12,11.14,.9994,.9962,.9947
104,1,0,649,5.00,3.61,11.05,5.39,13.72,.9910,.9974,.9904
105,1,0,945,2.83,2.00,14.00,6.32,10.68,.9949,.9937,.9943
106,1,0,748,7.07,12.37,8.06,10.05,13.89,1.0000,.9998,.9999
107,1,0,336,13.45,14.14,8.06,14.42,16.79,.9985,.9996,.9986
108,1,0,302,28.00,7.21,9.06,10.77,18.29,.9999,1.0000,.9999
109,1,0,249,12.17,16.12,20.00,13.60,24.75,1.0000,.9999,.9976
110,1,0,1544,.00,10.77,3.16,5.83,9.91,.9876,.9905,.9890
111,1,0,680,2.83,14.87,6.32,16.12,12.32,.9975,.9942,.9889
112,1,0,632,3.16,6.32,6.40,7.00,13.23,.9998,.9986,.9972
113,1,0,660,14.87,6.08,14.14,9.22,18.43,.9947,.9934,.9856
114,1,0,880,7.00,11.18,6.71,13.15,12.93,.9997,.9990,.9993
115,1,0,614,21.38,8.06,7.28,5.10,22.34,.9966,.9939,.9927
116,1,0,854,16.03,15.81,13.00,14.56,21.56,.9805,.9998,.9807
117,1,0,647,19.10,9.22,9.06,2.00,9.84,.9993,.9999,.9996
118,1,0,221,2.24,8.06,9.90,4.12,13.09,1.0000,.9993,.9995
119,1,0,316,9.22,4.12,4.47,13.00,17.35,1.0000,.9999,1.0000
12,1,0,1912,29.07,6.08,17.09,4.12,17.46,.9892,.9882,.9863
120,1,0,191,23.43,34.83,10.20,1.41,26.41,.9997,1.0000,.9992
121,1,0,512,10.00,1.00,4.12,4.12,9.18,.9995,.9950,.9973
122,1,0,404,5.10,8.06,12.37,6.08,9.88,.9992,.9988,.9990
123,1,0,406,18.03,2.83,13.15,6.00,12.28,.9965,.9963,.9912
124,1,0,371,21.10,7.21,6.08,2.00,12.66,1.0000,1.0000,.9994
125,1,0,508,6.08,10.77,7.81,4.12,13.69,.9951,.9957,.9911
126,1,0,612,8.06,2.24,4.47,9.43,8.28,.9991,.9993,.9992
127,1,0,526,7.00,7.81,9.22,7.07,11.92,.9983,.9999,.9973
128,1,0,729,14.04,5.10,22.47,2.83,16.74,.9988,.9922,.9871
129,1,0,1096,13.45,7.07,15.00,28.60,19.62,.9859,.9927,.9893
13,1,0,2996,2.24,5.66,3.61,1.00,11.54,.9556,.8914,.8854
14,1,0,2064,10.82,8.25,14.87,3.61,20.34,.9278,.9802,.8294
15,1,0,1082,16.28,10.82,9.49,6.08,15.86,.9902,.9773,.9838
16,1,0,986,8.54,1.41,13.89,9.06,18.67,.9764,.9889,.9714
17,1,0,1673,6.00,6.40,5.10,2.24,5.56,.9912,1.0000,.9878
18,1,0,1789,10.20,9.06,3.16,3.61,16.27,.9952,.9980,.9958
19,1,0,2153,17.72,8.54,29.07,14.21,17.41,.9783,.6771,.8035
2,1,0,976,12.81,8.06,21.63,7.07,16.50,1.0000,.9978,.9989
20,1,0,1952,13.60,3.61,7.81,4.47,15.34,.9907,.9981,.9939
21,1,0,4032,24.33,6.32,14.32,1.00,13.61,.9889,.9817,.9853
22,1,0,2135,17.03,4.47,23.41,4.24,15.87,.8049,.9501,.8737
23,1,0,4844,13.45,3.16,12.04,4.12,11.74,.7832,.8237,.8034
24,1,0,2829,16.12,7.21,20.12,8.94,17.12,.9810,.9731,.9770
25,1,0,2270,34.13,14.32,23.02,5.00,24.99,.9830,.9437,.9457
26,1,0,1389,11.18,13.04,6.40,11.40,21.21,.9994,1.0000,.9997
27,1,0,1575,2.24,.00,12.17,1.00,14.13,.9801,.9847,.9824
28,1,0,2340,17.20,4.12,2.24,10.20,14.33,1.0000,1.0000,.9882
3,1,0,1837,11.40,4.12,11.40,8.06,20.04,.9982,.9965,.9874
30,1,0,2631,10.00,5.39,5.39,5.66,19.87,.9988,.9965,.9861
31,1,0,1552,14.42,16.28,16.28,6.71,13.42,.9579,.9481,.9530
32,1,0,1528,8.54,3.00,21.10,11.70,15.65,.9940,.9847,.9869
33,1,0,1770,5.39,17.20,17.20,2.00,13.01,.9982,.9819,.9900
34,1,0,2031,10.77,7.28,13.04,7.28,19.95,.9887,.9920,.9775
35,1,0,1019,4.24,7.21,7.21,25.02,25.74,.9969,.9982,.9965
36,1,0,1298,18.60,5.00,9.85,4.12,12.12,.9855,.9996,.9892
37,1,0,1792,7.28,9.22,7.00,17.20,21.80,.9673,.9987,.9830
38,1,0,1743,14.32,5.83,16.16,14.21,16.98,.9943,.9989,.9958
39,1,0,2256,11.40,11.40,18.25,16.97,22.95,.9115,.9272,.9194
4,1,0,1905,11.40,4.12,10.77,12.04,16.01,.9997,.9972,.9981
40,1,0,1005,10.05,8.06,10.30,5.39,12.99,.9789,.9891,.9840
41,1,0,2289,8.60,3.16,4.12,6.08,12.23,.9735,.9954,.9839
42,1,0,2064,4.47,8.25,20.40,5.83,15.60,.9167,.8848,.8781
43,1,0,1491,8.06,10.82,21.02,15.23,24.00,.9992,.9988,.9990
44,1,0,4602,25.50,11.18,54.08,27.07,29.46,.4961,.7393,.6177
45,1,0,4109,33.42,32.56,26.00,64.03,39.00,.9652,.9643,.9647
46,1,0,3050,25.63,65.76,64.20,31.76,46.84,.7689,.7805,.7747
47,1,0,3762,30.02,18.03,19.42,29.07,29.33,.6949,.7812,.7110
48,1,0,1172,6.40,7.21,13.60,3.00,16.34,.9977,.9939,.9958
49,1,0,1801,12.37,8.00,7.07,3.16,18.58,.9725,.9914,.9820
5,1,0,1773,7.62,4.24,10.05,5.00,15.21,.9736,.9184,.8990
50,1,0,2326,21.02,8.00,23.35,23.85,22.57,.9098,.9489,.8951
51,1,0,2231,10.20,6.00,14.14,6.08,15.19,.8897,.9304,.9100
52,1,0,2355,9.22,15.30,13.00,21.47,18.47,.9482,.9897,.9689
53,1,0,2258,33.02,18.03,37.11,21.10,27.86,.9681,.8957,.9017
54,1,0,1766,25.24,29.15,.00,18.60,26.45,1.0000,.9923,.9961
55,1,0,2332,24.02,9.00,26.93,13.42,30.32,.9892,.9913,.9593
56,1,0,4846,25.32,25.61,56.30,22.63,32.47,.6048,.7530,.6789
57,1,0,3124,11.66,22.20,9.90,11.40,22.04,.9951,.9688,.9804
58,1,0,2861,18.25,12.81,20.81,8.00,18.92,.9824,.8968,.9396
59,1,0,2415,18.38,4.24,29.07,29.15,28.35,.9087,.9339,.8570
6,1,0,2039,14.32,9.90,7.21,7.81,17.66,.9860,.9948,.9456
60,1,0,1821,24.19,12.53,35.36,4.47,28.81,.9628,.9865,.9746
61,1,0,1613,9.22,5.83,7.00,2.83,8.45,.8968,.9947,.9417
62,1,0,1707,3.16,20.59,7.28,15.00,12.55,.9936,.9734,.9835
63,1,0,1476,10.82,5.00,10.63,7.21,17.60,.9972,.9496,.9734
64,1,0,3294,7.28,19.00,19.70,20.00,18.21,.9061,.9574,.8985
65,1,0,1515,16.12,8.54,16.40,13.04,19.46,.9901,.9950,.9925
66,1,0,1494,11.18,9.49,22.47,6.08,14.15,.9997,.9949,.9940
67,1,0,2438,24.41,30.46,22.83,15.00,31.91,.9788,.9690,.9646
68,1,0,2692,6.00,16.64,19.10,21.95,23.23,.9145,.9992,.9346
69,1,0,4109,10.44,14.14,36.40,4.24,16.31,.9592,.8639,.9115
70,1,0,2301,16.49,4.47,1.00,10.77,15.62,.9358,.9765,.9530
71,1,0,2517,20.88,11.18,11.18,8.60,13.49,.9551,.9818,.9660
72,1,0,1898,16.49,19.31,25.24,17.20,26.92,.9895,.9125,.9457
73,1,0,1403,25.94,18.79,16.76,20.00,27.38,.8626,.9232,.8929
74,1,0,1834,13.00,9.06,30.46,15.62,22.70,.9518,.9498,.9463
75,1,0,3151,14.87,8.49,18.11,5.00,16.52,.8799,.9372,.9005
76,1,0,1740,24.19,8.06,11.70,3.61,20.90,.9532,.9706,.9176
77,1,0,6110,11.40,26.00,25.24,21.59,21.06,.8817,.7467,.8142
78,1,0,2976,4.24,11.40,7.62,7.21,16.06,.9441,.9909,.8972
79,1,0,1538,6.08,8.94,13.89,2.00,16.15,.9756,.9791,.9670
8,1,0,2389,3.61,7.28,2.00,8.06,13.85,.9927,.9856,.9883
80,1,0,1374,13.45,15.30,7.28,10.05,21.92,.9447,.9604,.9526
81,1,0,1573,12.53,3.00,5.10,12.65,24.00,.9867,.9909,.9771
82,1,0,1988,18.03,22.47,7.62,7.62,23.96,.9610,.9780,.9350
83,1,0,2197,12.37,6.71,31.24,5.10,23.65,.9666,.8842,.8947
84,1,0,1409,36.40,49.03,45.79,47.85,44.77,.9356,.9891,.9624
85,1,0,2179,8.06,16.03,24.08,24.76,24.37,.9915,.9853,.9855
86,1,0,1795,22.67,2.83,25.00,11.18,15.45,.9645,.9358,.9501
87,1,0,1165,12.17,1.00,4.00,17.00,20.79,.9957,.9975,.9954
88,1,0,1119,15.23,28.64,13.45,14.87,23.91,.9957,.9930,.9877
89,1,0,1603,22.20,2.24,25.55,2.24,18.83,.9764,.9958,.9853
9,1,0,1972,28.86,10.05,25.00,4.47,17.10,.9903,.9874,.9668
90,1,0,1359,10.44,5.83,12.37,5.00,14.60,.9832,.9958,.9893
93,1,0,2116,9.85,7.21,9.85,7.21,15.74,.9807,.9702,.9638
94,1,0,1295,5.39,9.22,20.81,27.46,18.04,.9978,.9947,.9934
