participant,device,trial,dbltapTime,dbltapTime1,dbltapTime2,dbltapTimeBetween,dbltapAccuracy1,dbltapAccuracy2,dbltapAccuracy
1,2,0,405,72,74,212,16.55,35.51,30.56
10,2,0,418,55,84,217,15.62,2.00,12.08
100,2,0,177,39,58,80,4.24,8.06,9.88
101,2,0,216,51,63,74,6.08,3.61,7.28
102,2,0,195,18,48,66,2.83,8.06,5.89
103,2,0,164,36,27,52,7.28,9.43,9.82
104,2,0,207,46,34,70,11.70,2.24,6.97
105,2,0,229,56,48,100,4.00,8.60,6.30
106,2,0,340,123,107,72,7.21,15.81,11.51
107,2,0,35,14,5,16,9.49,17.89,14.87
108,2,0,139,20,36,49,10.00,18.00,14.00
109,2,0,233,65,37,96,4.12,2.24,3.18
110,2,0,18,16,1,1,15.00,6.71,10.85
111,2,0,51,14,22,15,5.10,3.61,4.35
112,2,0,215,39,57,51,14.14,11.40,13.78
113,2,0,225,2,46,103,6.40,9.49,8.79
114,2,0,31,14,10,7,20.02,16.76,20.36
115,2,0,203,46,32,70,1.00,5.00,3.00
116,2,0,202,61,2,82,3.61,7.21,5.67
117,2,0,178,20,44,70,10.63,3.16,7.55
118,2,0,138,0,21,70,19.70,9.06,20.50
119,2,0,35,13,9,13,8.25,4.24,10.68
12,2,0,365,57,60,168,3.61,4.12,8.60
120,2,0,6,2,2,2,10.20,13.34,11.77
121,2,0,199,55,40,60,16.28,15.30,16.05
122,2,0,165,39,29,80,13.34,11.40,12.37
123,2,0,203,44,51,82,7.07,10.00,11.18
124,2,0,235,58,55,92,5.39,3.61,7.91
125,2,0,233,58,38,99,27.51,8.25,21.49
126,2,0,264,20,2,151,18.11,2.00,10.06
127,2,0,118,13,25,3,24.04,10.00,17.02
128,2,0,6,2,2,2,10.00,6.08,12.16
129,2,0,152,56,46,28,8.06,13.60,14.40
13,2,0,258,86,66,106,7.07,18.60,16.05
14,2,0,690,236,137,224,9.90,9.43,14.48
15,2,0,408,59,51,259,6.40,3.61,5.00
16,2,0,326,56,47,171,13.42,26.31,19.86
17,2,0,534,92,73,290,11.18,8.00,11.83
18,2,0,273,46,28,199,14.87,10.30,18.98
19,2,0,,,,,,,
2,2,0,313,74,58,169,23.00,11.05,26.88
20,2,0,285,37,39,160,13.00,12.21,12.60
21,2,0,599,163,135,189,18.38,12.08,16.00
22,2,0,495,96,91,242,7.21,11.05,23.30
23,2,0,373,72,60,209,15.52,19.10,17.31
24,2,0,627,222,116,200,9.06,3.61,6.76
25,2,0,384,49,64,193,2.00,3.16,8.38
26,2,0,370,70,54,239,24.08,15.62,22.23
27,2,0,346,40,74,158,15.13,12.04,21.96
28,2,0,365,44,54,265,9.06,13.42,15.95
3,2,0,514,108,89,222,9.43,2.24,12.40
30,2,0,635,181,139,287,8.54,6.32,7.43
31,2,0,719,182,303,226,14.00,5.39,9.69
32,2,0,1754,477,560,241,8.94,16.76,12.85
33,2,0,437,53,52,317,9.49,7.28,13.94
34,2,0,541,150,86,216,20.25,17.12,20.59
35,2,0,362,74,54,208,7.81,8.06,7.94
36,2,0,492,34,59,375,10.77,10.77,16.40
37,2,0,964,277,324,211,7.62,17.89,17.97
38,2,0,392,73,66,253,5.00,3.16,12.05
39,2,0,244,62,81,101,29.41,47.71,38.56
4,2,0,317,63,68,160,13.60,8.06,16.85
40,2,0,366,75,56,230,14.56,5.00,16.47
41,2,0,497,75,57,342,22.36,8.54,15.45
42,2,0,458,63,57,308,9.22,14.14,16.20
43,2,0,590,57,156,267,10.77,5.66,9.99
44,2,0,1101,470,86,545,26.25,67.01,46.63
45,2,0,774,52,126,67,11.40,23.00,28.64
46,2,0,1211,418,148,573,10.30,10.77,12.78
47,2,0,643,252,160,202,13.60,4.12,10.66
48,2,0,560,57,47,426,2.83,18.03,14.18
49,2,0,469,51,29,364,15.23,13.04,14.13
5,2,0,210,62,51,97,9.49,3.61,6.55
50,2,0,629,59,67,328,3.16,15.26,12.63
51,2,0,1055,324,202,229,14.14,22.67,18.41
52,2,0,640,58,48,338,13.15,8.25,17.37
53,2,0,561,98,129,334,4.24,3.00,5.04
54,2,0,1349,117,116,1116,43.57,22.47,33.02
55,2,0,1390,201,136,890,14.21,9.06,15.51
56,2,0,646,241,62,122,12.04,15.56,14.54
57,2,0,318,62,86,30,7.00,8.94,17.56
58,2,0,1013,130,98,241,27.78,18.79,23.55
59,2,0,606,49,56,456,9.85,4.12,6.99
6,2,0,509,156,127,159,12.73,13.00,13.23
60,2,0,409,33,147,229,16.55,23.43,19.99
61,2,0,560,77,63,326,7.21,9.43,8.32
62,2,0,719,265,146,187,9.00,14.04,14.81
63,2,0,334,33,42,230,9.49,9.06,14.72
64,2,0,826,269,100,199,3.16,2.00,2.58
65,2,0,669,177,111,342,12.08,8.60,11.36
66,2,0,250,33,64,138,17.72,12.00,17.10
67,2,0,1078,887,96,70,10.44,23.60,23.34
68,2,0,367,89,57,133,23.85,13.15,21.38
69,2,0,1073,185,163,586,13.04,32.25,23.16
70,2,0,476,101,117,258,19.24,18.79,20.36
71,2,0,494,127,79,199,9.06,16.16,15.15
72,2,0,867,286,297,180,12.04,7.00,12.41
73,2,0,269,65,66,138,42.52,30.87,36.70
74,2,0,338,59,59,205,12.21,6.08,15.72
75,2,0,427,47,64,281,2.83,17.46,17.52
76,2,0,539,84,42,259,8.49,17.03,12.76
77,2,0,322,58,83,151,17.80,22.67,28.14
78,2,0,333,58,62,155,7.07,5.39,10.82
79,2,0,343,94,104,116,4.47,7.21,13.25
8,2,0,471,47,64,317,12.08,11.40,12.10
80,2,0,2158,747,932,378,5.00,5.39,5.19
81,2,0,267,52,41,134,46.87,26.57,38.14
82,2,0,745,265,136,217,8.06,9.00,13.13
83,2,0,1502,151,163,774,10.30,25.63,27.42
84,2,0,2031,158,1377,496,55.90,24.17,40.03
85,2,0,268,32,83,60,8.06,8.25,8.15
86,2,0,475,43,34,376,8.54,13.34,13.29
87,2,0,648,141,114,378,6.40,7.28,7.81
88,2,0,786,217,177,288,4.47,6.00,9.04
89,2,0,239,41,46,139,30.87,16.28,26.07
9,2,0,801,243,195,360,11.70,5.10,10.17
90,2,0,547,74,53,337,2.24,7.62,4.93
93,2,0,364,38,47,230,8.54,9.22,8.88
94,2,0,466,33,64,298,18.97,10.20,17.72
