participant,device,trial,tapTime,tapAccuracy
1,2,1,157,19.24
1,2,2,115,21.10
1,2,3,332,23.54
1,2,4,109,37.70
1,2,5,89,39.22
10,2,1,74,14.76
10,2,2,358,16.64
10,2,3,84,34.01
10,2,4,46,38.64
10,2,5,150,42.30
100,2,1,56,6.08
100,2,2,54,13.45
100,2,3,77,20.81
100,2,4,56,21.02
100,2,5,53,29.07
101,2,1,66,5.39
101,2,2,66,6.08
101,2,3,3,6.32
101,2,4,95,13.60
101,2,5,86,25.94
102,2,1,33,6.40
102,2,2,55,12.81
102,2,3,40,15.00
102,2,4,57,23.77
102,2,5,64,29.70
103,2,1,48,5.39
103,2,2,47,14.21
103,2,3,35,17.80
103,2,4,21,19.21
103,2,5,39,22.36
104,2,1,37,10.82
104,2,2,50,15.13
104,2,3,57,22.80
104,2,4,0,30.41
104,2,5,46,50.45
105,2,1,63,11.70
105,2,2,63,13.60
105,2,3,52,20.12
105,2,4,47,21.40
105,2,5,64,23.02
106,2,1,86,31.32
106,2,2,573,31.58
106,2,3,905,33.96
106,2,4,65,41.44
106,2,5,120,41.59
107,2,1,13,11.18
107,2,2,13,16.76
107,2,3,77,30.53
107,2,4,65,32.28
107,2,5,47,33.60
108,2,1,45,14.00
108,2,2,45,20.22
108,2,3,30,22.85
108,2,4,56,26.48
108,2,5,45,32.56
109,2,1,66,7.28
109,2,2,55,12.81
109,2,3,66,21.93
109,2,4,66,23.77
109,2,5,48,25.24
110,2,1,32,6.71
110,2,2,27,7.21
110,2,3,40,15.03
110,2,4,53,17.12
110,2,5,56,33.97
111,2,1,34,8.06
111,2,2,56,9.22
111,2,3,46,12.37
111,2,4,37,15.23
111,2,5,56,33.11
112,2,1,66,10.82
112,2,2,272,14.87
112,2,3,62,19.21
112,2,4,141,22.14
112,2,5,46,31.32
113,2,1,85,5.39
113,2,2,90,5.66
113,2,3,117,8.00
113,2,4,46,10.05
113,2,5,69,20.62
114,2,1,37,17.46
114,2,2,45,17.80
114,2,3,96,24.19
114,2,4,82,24.33
114,2,5,37,29.07
115,2,1,46,3.61
115,2,2,37,8.60
115,2,3,55,9.22
115,2,4,14,26.40
115,2,5,46,27.31
116,2,1,42,17.80
116,2,2,74,20.02
116,2,3,81,23.35
116,2,4,92,29.73
116,2,5,67,29.83
117,2,1,56,11.40
117,2,2,56,13.45
117,2,3,46,13.60
117,2,4,57,20.02
117,2,5,45,25.55
118,2,1,487,5.00
118,2,2,35,18.38
118,2,3,35,28.18
118,2,4,2,29.83
118,2,5,55,30.41
119,2,1,57,10.00
119,2,2,86,17.03
119,2,3,46,28.16
119,2,4,33,29.41
119,2,5,46,44.05
12,2,1,71,8.60
12,2,2,78,15.30
12,2,3,88,22.47
12,2,4,84,23.35
12,2,5,74,25.30
120,2,1,72,4.24
120,2,2,59,9.49
120,2,3,76,10.05
120,2,4,56,12.53
120,2,5,2,32.70
121,2,1,48,5.83
121,2,2,54,7.28
121,2,3,77,20.02
121,2,4,66,20.40
121,2,5,2,22.14
122,2,1,46,10.00
122,2,2,47,12.21
122,2,3,37,17.46
122,2,4,48,19.85
122,2,5,50,23.60
123,2,1,56,5.00
123,2,2,32,5.66
123,2,3,66,6.71
123,2,4,2,14.42
123,2,5,60,18.87
124,2,1,67,6.71
124,2,2,58,15.03
124,2,3,55,17.03
124,2,4,68,21.38
124,2,5,58,28.84
125,2,1,60,7.28
125,2,2,66,15.23
125,2,3,85,17.03
125,2,4,70,18.25
125,2,5,57,22.02
126,2,1,76,2.24
126,2,2,64,17.00
126,2,3,93,20.02
126,2,4,60,27.46
126,2,5,54,35.38
127,2,1,29,12.53
127,2,2,73,16.40
127,2,3,36,18.03
127,2,4,41,23.54
127,2,5,69,33.06
128,2,1,73,10.77
128,2,2,72,12.65
128,2,3,65,22.36
128,2,4,2,25.00
128,2,5,66,32.89
129,2,1,47,8.94
129,2,2,51,9.90
129,2,3,66,21.38
129,2,4,47,22.20
129,2,5,63,22.67
13,2,1,111,8.06
13,2,2,72,9.22
13,2,3,97,18.44
13,2,4,216,27.51
13,2,5,89,40.31
14,2,1,218,13.42
14,2,2,146,17.80
14,2,3,221,28.46
14,2,4,310,32.70
14,2,5,159,35.36
15,2,1,147,13.04
15,2,2,91,13.42
15,2,3,242,17.00
15,2,4,302,18.25
15,2,5,133,39.81
16,2,1,62,11.05
16,2,2,73,14.76
16,2,3,108,23.71
16,2,4,97,29.53
16,2,5,76,37.22
17,2,1,106,16.76
17,2,2,93,19.24
17,2,3,78,26.57
17,2,4,97,29.07
17,2,5,76,29.61
18,2,1,137,6.00
18,2,2,106,12.81
18,2,3,87,21.10
18,2,4,94,24.17
18,2,5,206,31.83
19,2,1,92,13.34
19,2,2,56,16.12
19,2,3,71,18.44
19,2,4,105,30.53
19,2,5,137,34.01
2,2,1,49,10.30
2,2,2,48,31.78
2,2,3,68,32.06
2,2,4,78,41.77
2,2,5,56,46.01
20,2,1,50,13.89
20,2,2,61,20.81
20,2,3,58,22.47
20,2,4,56,22.80
20,2,5,37,27.07
21,2,1,184,18.03
21,2,2,136,18.97
21,2,3,228,27.02
21,2,4,249,32.70
21,2,5,269,47.85
22,2,1,195,17.00
22,2,2,143,23.35
22,2,3,341,23.54
22,2,4,4219,24.33
22,2,5,88,42.54
23,2,1,133,9.06
23,2,2,98,34.67
23,2,3,85,42.95
23,2,4,2062,47.93
23,2,5,75,48.51
24,2,1,243,1.00
24,2,2,241,32.89
24,2,3,167,34.23
24,2,4,185,38.28
24,2,5,95,45.31
25,2,1,87,15.81
25,2,2,75,20.62
25,2,3,166,28.32
25,2,4,108,43.57
25,2,5,222,46.01
26,2,1,147,13.60
26,2,2,71,33.24
26,2,3,130,40.72
26,2,4,81,41.11
26,2,5,151,49.03
27,2,1,66,14.56
27,2,2,84,25.55
27,2,3,113,25.96
27,2,4,491,28.16
27,2,5,77,34.01
28,2,1,77,8.54
28,2,2,76,16.28
28,2,3,76,19.10
28,2,4,57,22.36
28,2,5,77,34.83
3,2,1,164,10.05
3,2,2,264,13.15
3,2,3,270,17.03
3,2,4,194,24.76
3,2,5,220,30.08
30,2,1,192,16.03
30,2,2,137,18.36
30,2,3,246,21.54
30,2,4,203,23.26
30,2,5,192,27.46
31,2,1,442,1.41
31,2,2,506,14.87
31,2,3,437,15.56
31,2,4,685,21.63
31,2,5,484,43.60
32,2,1,128,10.00
32,2,2,334,21.93
32,2,3,44,28.32
32,2,4,443,30.68
32,2,5,,
33,2,1,49,7.28
33,2,2,68,11.66
33,2,3,58,14.32
33,2,4,71,15.62
33,2,5,53,20.62
34,2,1,141,12.73
34,2,2,205,15.00
34,2,3,200,16.00
34,2,4,166,33.11
34,2,5,40,48.83
35,2,1,137,12.17
35,2,2,92,13.93
35,2,3,134,14.87
35,2,4,143,37.36
35,2,5,240,41.59
36,2,1,176,6.08
36,2,2,66,10.20
36,2,3,99,14.14
36,2,4,102,23.41
36,2,5,47,28.32
37,2,1,262,4.24
37,2,2,309,10.00
37,2,3,449,15.81
37,2,4,357,53.76
37,2,5,,
38,2,1,70,8.60
38,2,2,55,18.25
38,2,3,77,27.29
38,2,4,57,33.11
38,2,5,79,58.01
39,2,1,33,13.04
39,2,2,423,24.52
39,2,3,192,27.78
39,2,4,350,40.50
39,2,5,72,59.14
4,2,1,71,16.28
4,2,2,41,23.32
4,2,3,72,25.08
4,2,4,50,26.40
4,2,5,58,36.88
40,2,1,86,9.43
40,2,2,91,17.72
40,2,3,124,49.19
40,2,4,83,49.50
40,2,5,221,55.73
41,2,1,74,11.00
41,2,2,84,13.42
41,2,3,66,14.42
41,2,4,52,16.03
41,2,5,66,18.44
42,2,1,648,9.22
42,2,2,67,18.68
42,2,3,71,19.70
42,2,4,131,27.17
42,2,5,88,33.97
43,2,1,357,21.38
43,2,2,235,21.95
43,2,3,429,29.73
43,2,4,266,29.73
43,2,5,647,43.86
44,2,1,543,8.60
44,2,2,333,15.65
44,2,3,312,33.06
44,2,4,2975,44.29
44,2,5,199,57.01
45,2,1,389,14.21
45,2,2,839,30.41
45,2,3,3178,43.19
45,2,4,900,49.04
45,2,5,,
46,2,1,343,3.00
46,2,2,666,14.32
46,2,3,2177,17.03
46,2,4,471,18.38
46,2,5,655,24.04
47,2,1,332,19.42
47,2,2,728,28.18
47,2,3,347,43.93
47,2,4,313,50.96
47,2,5,191,56.61
48,2,1,32,8.25
48,2,2,70,17.03
48,2,3,479,24.76
48,2,4,57,30.41
48,2,5,55,68.60
49,2,1,57,12.17
49,2,2,94,21.95
49,2,3,58,22.56
49,2,4,62,46.62
49,2,5,32,49.50
5,2,1,86,7.62
5,2,2,100,8.06
5,2,3,76,21.10
5,2,4,72,22.09
5,2,5,63,27.29
50,2,1,143,7.21
50,2,2,130,20.59
50,2,3,156,25.50
50,2,4,116,30.08
50,2,5,109,36.88
51,2,1,1187,8.25
51,2,2,761,18.36
51,2,3,324,43.10
51,2,4,46,43.57
51,2,5,887,44.38
52,2,1,109,3.61
52,2,2,55,14.32
52,2,3,66,21.38
52,2,4,58,40.71
52,2,5,70,57.01
53,2,1,259,13.00
53,2,2,253,22.85
53,2,3,1183,24.04
53,2,4,156,28.16
53,2,5,238,43.42
54,2,1,137,10.44
54,2,2,536,16.76
54,2,3,323,17.00
54,2,4,76,23.77
54,2,5,1143,38.47
55,2,1,175,9.85
55,2,2,808,12.21
55,2,3,495,39.00
55,2,4,118,53.46
55,2,5,129,67.23
56,2,1,4247,16.55
56,2,2,57,20.52
56,2,3,136,20.88
56,2,4,122,30.68
56,2,5,3924,51.00
57,2,1,57,5.00
57,2,2,231,5.10
57,2,3,137,15.56
57,2,4,1390,46.17
57,2,5,109,60.42
58,2,1,165,17.26
58,2,2,115,17.49
58,2,3,91,21.54
58,2,4,131,29.41
58,2,5,113,62.94
59,2,1,90,17.80
59,2,2,233,19.70
59,2,3,117,26.40
59,2,4,1223,29.07
59,2,5,1661,41.48
6,2,1,194,16.16
6,2,2,180,24.60
6,2,3,344,26.08
6,2,4,118,27.80
6,2,5,160,45.45
60,2,1,132,12.65
60,2,2,257,26.42
60,2,3,64,28.64
60,2,4,185,31.02
60,2,5,152,42.52
61,2,1,135,16.28
61,2,2,67,17.72
61,2,3,165,18.11
61,2,4,530,45.31
61,2,5,156,47.10
62,2,1,272,6.71
62,2,2,165,10.63
62,2,3,246,18.38
62,2,4,241,26.57
62,2,5,94,47.43
63,2,1,70,13.45
63,2,2,55,19.24
63,2,3,112,22.80
63,2,4,81,27.29
63,2,5,52,48.66
64,2,1,4632,5.83
64,2,2,357,11.40
64,2,3,796,11.66
64,2,4,2522,16.12
64,2,5,5114,21.95
65,2,1,195,14.87
65,2,2,185,33.53
65,2,3,239,40.02
65,2,4,964,41.63
65,2,5,339,58.52
66,2,1,81,9.85
66,2,2,190,15.30
66,2,3,314,35.51
66,2,4,77,38.08
66,2,5,1340,53.26
67,2,1,636,16.64
67,2,2,1161,50.45
67,2,3,1427,56.22
67,2,4,,
67,2,5,,
68,2,1,112,20.25
68,2,2,193,23.60
68,2,3,161,28.43
68,2,4,329,40.22
68,2,5,353,56.40
69,2,1,305,19.70
69,2,2,1160,21.26
69,2,3,275,24.33
69,2,4,234,35.36
69,2,5,203,55.11
70,2,1,129,2.00
70,2,2,96,8.06
70,2,3,154,13.15
70,2,4,155,14.56
70,2,5,123,34.48
71,2,1,74,14.32
71,2,2,266,21.38
71,2,3,152,22.85
71,2,4,194,23.41
71,2,5,154,30.23
72,2,1,683,18.38
72,2,2,319,23.71
72,2,3,434,28.18
72,2,4,482,30.46
72,2,5,970,37.22
73,2,1,887,11.40
73,2,2,678,13.34
73,2,3,482,26.93
73,2,4,49,36.06
73,2,5,64,45.69
74,2,1,117,11.00
74,2,2,91,18.03
74,2,3,57,32.02
74,2,4,41,35.69
74,2,5,52,48.30
75,2,1,142,5.00
75,2,2,125,10.77
75,2,3,41,17.69
75,2,4,132,19.21
75,2,5,73,25.50
76,2,1,181,10.30
76,2,2,176,30.23
76,2,3,95,32.02
76,2,4,131,33.84
76,2,5,196,37.48
77,2,1,25,14.56
77,2,2,107,17.00
77,2,3,109,23.02
77,2,4,70,30.89
77,2,5,155,35.61
78,2,1,136,15.65
78,2,2,140,30.08
78,2,3,101,31.40
78,2,4,129,34.00
78,2,5,89,34.13
79,2,1,204,8.94
79,2,2,224,10.63
79,2,3,243,19.10
79,2,4,249,22.47
79,2,5,201,37.34
8,2,1,57,18.79
8,2,2,82,22.67
8,2,3,72,23.19
8,2,4,103,26.25
8,2,5,116,40.31
80,2,1,816,7.21
80,2,2,1175,10.63
80,2,3,1013,18.11
80,2,4,853,20.62
80,2,5,817,20.88
81,2,1,482,19.21
81,2,2,76,32.31
81,2,3,103,37.54
81,2,4,81,39.41
81,2,5,1190,44.38
82,2,1,787,8.06
82,2,2,245,20.25
82,2,3,204,38.21
82,2,4,314,39.40
82,2,5,1066,57.01
83,2,1,214,29.41
83,2,2,571,42.15
83,2,3,484,45.22
83,2,4,876,55.03
83,2,5,144,67.42
84,2,1,886,24.04
84,2,2,708,31.95
84,2,3,170,54.23
84,2,4,214,59.06
84,2,5,133,66.03
85,2,1,124,20.52
85,2,2,165,21.02
85,2,3,1102,23.19
85,2,4,164,43.83
85,2,5,112,46.96
86,2,1,97,9.43
86,2,2,441,22.67
86,2,3,834,31.30
86,2,4,156,40.80
86,2,5,106,44.28
87,2,1,122,12.04
87,2,2,402,18.11
87,2,3,236,31.14
87,2,4,211,34.01
87,2,5,179,35.23
88,2,1,369,4.12
88,2,2,195,14.21
88,2,3,257,19.42
88,2,4,346,25.08
88,2,5,337,39.92
89,2,1,67,9.22
89,2,2,58,16.12
89,2,3,54,20.25
89,2,4,36,27.02
89,2,5,135,38.83
9,2,1,327,7.07
9,2,2,212,27.66
9,2,3,240,34.23
9,2,4,325,35.23
9,2,5,254,35.85
90,2,1,106,5.39
90,2,2,76,8.60
90,2,3,86,24.60
90,2,4,64,29.07
90,2,5,83,40.00
93,2,1,33,7.07
93,2,2,91,10.44
93,2,3,63,20.88
93,2,4,33,37.54
93,2,5,65,42.01
94,2,1,109,8.94
94,2,2,112,17.46
94,2,3,124,23.41
94,2,4,164,24.84
94,2,5,270,58.31
